0.569842,-0.0241266,-0.8214,0,0.820068,-0.0473032,0.570308,0,-0.0526144,-0.998589,-0.00716986,0,69.3521,192.686,-42.3472,1
0.570132,-0.0251782,-0.821167,0,0.81979,-0.0480073,0.570648,0,-0.05379,-0.99853,-0.00672971,0,69.4381,193.484,-42.3124,1
0.570389,-0.0259499,-0.820965,0,0.819558,-0.0484573,0.570944,0,-0.0545977,-0.998488,-0.00637203,0,69.4718,194.051,-42.2899,1
0.57064,-0.0266835,-0.820766,0,0.81933,-0.0489084,0.571232,0,-0.0553849,-0.998447,-0.00604649,0,69.536,194.609,-42.2775,1
0.570954,-0.027414,-0.820524,0,0.819063,-0.0492774,0.571584,0,-0.0561028,-0.998409,-0.00568135,0,69.5464,195.151,-42.2868,1
0.571306,-0.028253,-0.820251,0,0.818764,-0.0496393,0.571981,0,-0.0568769,-0.998368,-0.00522676,0,69.5401,195.721,-42.2608,1
0.571548,-0.0290315,-0.820055,0,0.81854,-0.0500492,0.572265,0,-0.057657,-0.998325,-0.00484216,0,69.6028,196.292,-42.3032,1
0.571797,-0.0297595,-0.819856,0,0.818314,-0.0504567,0.572553,0,-0.0584061,-0.998283,-0.00449844,0,69.6312,196.853,-42.2942,1
0.572029,-0.0305619,-0.819664,0,0.818085,-0.0510192,0.572829,0,-0.0593253,-0.99823,-0.00418216,0,69.6986,197.428,-42.2618,1
0.572425,-0.0316762,-0.819345,0,0.817717,-0.0517653,0.573288,0,-0.0605734,-0.998157,-0.00372957,0,69.7999,198.283,-42.2451,1
0.572659,-0.0324373,-0.819152,0,0.817487,-0.0523154,0.573566,0,-0.0614593,-0.998104,-0.0034418,0,69.8884,198.871,-42.2406,1
0.572876,-0.0331694,-0.818971,0,0.817279,-0.0526991,0.573827,0,-0.0621925,-0.998059,-0.00308137,0,69.9161,199.445,-42.2011,1
0.573196,-0.0339386,-0.818715,0,0.816999,-0.0530514,0.574194,0,-0.0629213,-0.998015,-0.00268106,0,69.9224,200,-42.22,1
0.57345,-0.0346811,-0.818506,0,0.816762,-0.0534636,0.574493,0,-0.0636844,-0.997967,-0.00233257,0,69.9666,200.527,-42.1868,1
0.573571,-0.0349621,-0.818409,0,0.816654,-0.0536206,0.574632,0,-0.063974,-0.997949,-0.00220329,0,69.9632,200.781,-42.1645,1
0.573795,-0.0356877,-0.818221,0,0.816432,-0.0541211,0.5749,0,-0.0647999,-0.997897,-0.00191785,0,70.0293,201.319,-42.164,1
0.574223,-0.0369201,-0.817866,0,0.816034,-0.0547227,0.575408,0,-0.066,-0.997819,-0.00129493,0,70.0866,202.183,-42.2044,1
0.574587,-0.0377172,-0.817574,0,0.815718,-0.0550743,0.575823,0,-0.0667458,-0.99777,-0.000878364,0,70.1231,202.749,-42.2252,1
0.574828,-0.0384566,-0.81737,0,0.815478,-0.0555814,0.576113,0,-0.0675859,-0.997713,-0.000589237,0,70.2023,203.304,-42.217,1
0.575125,-0.0391385,-0.817129,0,0.815216,-0.0558778,0.576455,0,-0.0682211,-0.99767,-0.000230432,0,70.2081,203.788,-42.2626,1
0.575351,-0.0397907,-0.816938,0,0.814999,-0.0562527,0.576725,0,-0.0689033,-0.997623,6.42836e-05,0,70.2636,204.273,-42.2607,1
0.575543,-0.0403701,-0.816774,0,0.814809,-0.0566215,0.576957,0,-0.0695389,-0.997579,0.000305817,0,70.2884,204.73,-42.2425,1
0.575824,-0.0410668,-0.816541,0,0.814556,-0.0569185,0.577286,0,-0.0701837,-0.997534,0.000676185,0,70.3102,205.246,-42.2685,1
0.576163,-0.0419299,-0.816258,0,0.814245,-0.0573051,0.577686,0,-0.0709982,-0.997476,0.00112414,0,70.3628,205.787,-42.2528,1
0.5765,-0.0428996,-0.81597,0,0.813915,-0.0578971,0.578092,0,-0.0720423,-0.997401,0.00153898,0,70.4341,206.524,-42.2375,1
0.576579,-0.0433123,-0.815893,0,0.813811,-0.0582642,0.578201,0,-0.0725807,-0.997361,0.00165406,0,70.5178,206.892,-42.2028,1
0.576793,-0.0438276,-0.815714,0,0.813612,-0.05855,0.578453,0,-0.0731123,-0.997322,0.00188741,0,70.5372,207.258,-42.2182,1
0.576986,-0.0444412,-0.815544,0,0.813411,-0.0589839,0.578691,0,-0.0738218,-0.997269,0.00211617,0,70.6111,207.743,-42.1876,1
0.577188,-0.0450562,-0.815368,0,0.813211,-0.0593069,0.578939,0,-0.0744418,-0.997223,0.002409,0,70.632,208.192,-42.2032,1
0.577412,-0.0456713,-0.815175,0,0.812998,-0.0596018,0.579209,0,-0.0750391,-0.997177,0.00271592,0,70.6609,208.667,-42.2142,1
0.577635,-0.0462787,-0.814982,0,0.812786,-0.0598724,0.579478,0,-0.0756124,-0.997133,0.00303027,0,70.6693,209.104,-42.2396,1
0.577905,-0.0471204,-0.814743,0,0.812512,-0.0603427,0.579813,0,-0.0764849,-0.997065,0.00341354,0,70.7328,209.741,-42.2337,1
0.578221,-0.0478132,-0.814478,0,0.81223,-0.0605859,0.580182,0,-0.0770864,-0.997017,0.00380324,0,70.7701,210.184,-42.239,1
0.578397,-0.0484235,-0.814317,0,0.812041,-0.0609731,0.580407,0,-0.0777568,-0.996964,0.00405517,0,70.8341,210.628,-42.2371,1
0.578548,-0.0489693,-0.814177,0,0.811872,-0.0613638,0.580601,0,-0.0783927,-0.996914,0.00425492,0,70.9033,211.057,-42.2162,1
0.57872,-0.0495593,-0.814019,0,0.811691,-0.0616878,0.58082,0,-0.0790003,-0.996864,0.00452696,0,70.9642,211.493,-42.2037,1
0.578838,-0.0500311,-0.813906,0,0.811549,-0.062074,0.580978,0,-0.0795895,-0.996817,0.00467193,0,71.0124,211.894,-42.1761,1
0.579063,-0.0506345,-0.813709,0,0.811329,-0.0623801,0.581252,0,-0.0801907,-0.996767,0.00495918,0,71.0523,212.326,-42.1762,1
0.579276,-0.0514069,-0.813509,0,0.811098,-0.0628067,0.581529,0,-0.0809884,-0.996701,0.00531365,0,71.1002,212.922,-42.1342,1
0.579532,-0.0519844,-0.81329,0,0.810862,-0.0630438,0.581832,0,-0.0815191,-0.996656,0.00561626,0,71.1203,213.317,-42.1574,1
0.579682,-0.0524353,-0.813154,0,0.810708,-0.0632948,0.58202,0,-0.0819869,-0.996617,0.00581881,0,71.1654,213.675,-42.1566,1
0.579848,-0.0529536,-0.813002,0,0.810534,-0.0635852,0.582229,0,-0.0825261,-0.996571,0.00605094,0,71.2145,214.054,-42.1564,1
0.580074,-0.0536151,-0.812798,0,0.810308,-0.063888,0.582511,0,-0.0831596,-0.996516,0.00638498,0,71.2758,214.468,-42.1922,1
0.580276,-0.0541331,-0.812619,0,0.810114,-0.0641054,0.582757,0,-0.0836397,-0.996474,0.00665522,0,71.3036,214.833,-42.1959,1
0.580462,-0.054639,-0.812452,0,0.809928,-0.0643615,0.582987,0,-0.0841446,-0.99643,0.00689428,0,71.3329,215.203,-42.2064,1
0.580633,-0.0552297,-0.81229,0,0.809736,-0.0647485,0.583211,0,-0.0848052,-0.996372,0.00712639,0,71.394,215.665,-42.2006,1
0.58074,-0.055613,-0.812187,0,0.809624,-0.0648923,0.583351,0,-0.0851466,-0.996342,0.00734006,0,71.4341,215.943,-42.2356,1
0.580936,-0.0561399,-0.812011,0,0.809425,-0.0651956,0.583593,0,-0.0857026,-0.996292,0.00756656,0,71.4791,216.3,-42.2461,1
0.580996,-0.0565288,-0.811941,0,0.809332,-0.0654859,0.583689,0,-0.0861661,-0.996251,0.0077035,0,71.5454,216.621,-42.2082,1
0.58113,-0.0569209,-0.811818,0,0.809186,-0.0657851,0.583858,0,-0.0866393,-0.996209,0.00782999,0,71.5882,216.932,-42.1879,1
0.58118,-0.0572656,-0.811758,0,0.809108,-0.0660181,0.58394,0,-0.0870304,-0.996174,0.00796576,0,71.6384,217.227,-42.1259,1
0.581295,-0.057677,-0.811646,0,0.808982,-0.0662185,0.584092,0,-0.0874347,-0.996137,0.00816722,0,71.659,217.538,-42.1343,1
0.581456,-0.0581094,-0.8115,0,0.808818,-0.0664552,0.584292,0,-0.0878815,-0.996096,0.00835916,0,71.6888,217.849,-42.1266,1
0.581758,-0.0588364,-0.811231,0,0.808532,-0.0666977,0.58466,0,-0.0885066,-0.996037,0.00876915,0,71.7016,218.328,-42.1201,1
0.581966,-0.0593163,-0.811047,0,0.808336,-0.0668684,0.584912,0,-0.0889283,-0.995997,0.00903231,0,71.7123,218.654,-42.1627,1
0.582035,-0.0596634,-0.810972,0,0.808244,-0.0670863,0.585013,0,-0.0893091,-0.995962,0.00917602,0,71.7581,218.931,-42.1458,1
0.582175,-0.0600695,-0.810841,0,0.808095,-0.0673265,0.585191,0,-0.0897432,-0.995921,0.00934613,0,71.789,219.221,-42.1467,1
0.582291,-0.0604754,-0.810728,0,0.80797,-0.0674998,0.585345,0,-0.0901231,-0.995885,0.0095578,0,71.8476,219.52,-42.167,1
0.582424,-0.0608699,-0.810603,0,0.807824,-0.0677645,0.585515,0,-0.0905704,-0.995843,0.00970453,0,71.8881,219.797,-42.1902,1
0.582578,-0.0612928,-0.81046,0,0.807668,-0.0679454,0.58571,0,-0.0909669,-0.995805,0.00992076,0,71.9379,220.066,-42.2214,1
0.582642,-0.0617481,-0.81038,0,0.807558,-0.068321,0.585818,0,-0.0915392,-0.995751,0.0100584,0,72.0207,220.447,-42.1858,1
